function N = fcn_get_N

N = [0 0 0;...
     0 0 1;...
     0 -1 0;...
     0 0 -1;...
     0 0 0;...
     1 0 0;...
     0 1 0;...
     -1 0 0;...
     0 0 0];
end